tensor([[[47,  7, 11, 13,  7, 15,  0,  0,  0,  0,  0,  0,  0,  0],
         [56,  5, 18, 11,  3,  6, 25,  0,  0,  0,  0,  0,  0,  0],
         [13, 18,  0,  0,  0,  0,  0,  0,  0,  0,  0,  0,  0,  0],
         [18, 24,  3, 14, 13,  5, 21, 13, 33,  5, 11, 13,  7, 15],
         [ 7, 22,  0,  0,  0,  0,  0,  0,  0,  0,  0,  0,  0,  0],
         [30, 21, 14,  2,  3, 19, 25,  0,  0,  0,  0,  0,  0,  0],
         [29,  0,  0,  0,  0,  0,  0,  0,  0,  0,  0,  0,  0,  0]],

        [[30,  0,  0,  0,  0,  0,  0,  0,  0,  0,  0,  0,  0,  0],
         [48,  9, 13, 21, 17,  0,  0,  0,  0,  0,  0,  0,  0,  0],
         [13, 18,  0,  0,  0,  0,  0,  0,  0,  0,  0,  0,  0,  0],
         [ 5, 18, 18,  7, 14, 13,  5, 11, 13,  7, 15,  0,  0,  0],
         [ 7, 22,  0,  0,  0,  0,  0,  0,  0,  0,  0,  0,  0,  0],
         [14,  6,  5, 22, 11, 18, 19,  3, 15,  0,  0,  0,  0,  0],
         [29,  0,  0,  0,  0,  0,  0,  0,  0,  0,  0,  0,  0,  0]]])
tensor([[47,  7, 11, 13,  7, 15,  0,  0,  0,  0,  0,  0,  0,  0],
        [56,  5, 18, 11,  3,  6, 25,  0,  0,  0,  0,  0,  0,  0],
        [13, 18,  0,  0,  0,  0,  0,  0,  0,  0,  0,  0,  0,  0],
        [18, 24,  3, 14, 13,  5, 21, 13, 33,  5, 11, 13,  7, 15],
        [ 7, 22,  0,  0,  0,  0,  0,  0,  0,  0,  0,  0,  0,  0],
        [30, 21, 14,  2,  3, 19, 25,  0,  0,  0,  0,  0,  0,  0],
        [29,  0,  0,  0,  0,  0,  0,  0,  0,  0,  0,  0,  0,  0],
        [30,  0,  0,  0,  0,  0,  0,  0,  0,  0,  0,  0,  0,  0],
        [48,  9, 13, 21, 17,  0,  0,  0,  0,  0,  0,  0,  0,  0],
        [13, 18,  0,  0,  0,  0,  0,  0,  0,  0,  0,  0,  0,  0],
        [ 5, 18, 18,  7, 14, 13,  5, 11, 13,  7, 15,  0,  0,  0],
        [ 7, 22,  0,  0,  0,  0,  0,  0,  0,  0,  0,  0,  0,  0],
        [14,  6,  5, 22, 11, 18, 19,  3, 15,  0,  0,  0,  0,  0],
        [29,  0,  0,  0,  0,  0,  0,  0,  0,  0,  0,  0,  0,  0]])
tensor([ 6,  7,  2, 14,  2,  7,  1,  1,  5,  2, 11,  2,  9,  1])
tensor([ 3, 10, 12,  1,  5,  0,  8,  4,  2,  9, 11,  6,  7, 13])
tensor([ 5,  3,  8,  0,  7,  4, 11, 12,  6,  9,  1, 10,  2, 13])
tensor([[-0.1695, -0.1561, -0.2332, -0.2321,  0.1894, -0.1603, -0.0203,  0.1554,
          0.2453,  0.3009, -0.1150,  0.0058, -0.2247,  0.0005, -0.0956, -0.3145,
         -0.0925,  0.0006,  0.0199,  0.0908, -0.2113, -0.0137, -0.2057, -0.3206,
          0.2203,  0.2656, -0.0149,  0.0337,  0.0793,  0.2962, -0.2556, -0.0778,
          0.0116, -0.2533,  0.2392,  0.3904, -0.1336,  0.0841, -0.3333, -0.0728,
          0.3491, -0.2761, -0.1945,  0.0155, -0.0033, -0.1664, -0.0153,  0.0073,
         -0.4168,  0.0790],
        [ 0.1958, -0.3367,  0.1632, -0.2724, -0.0933,  0.2997, -0.0505, -0.0232,
          0.0800, -0.0898,  0.1518,  0.2148, -0.0342,  0.1377,  0.1505, -0.1352,
         -0.1118, -0.1044, -0.1191, -0.1480,  0.0689, -0.2240,  0.0335,  0.1409,
          0.0105,  0.1271,  0.0618,  0.2375, -0.2869,  0.1429,  0.0711,  0.0839,
         -0.1287,  0.0476,  0.1330, -0.2436,  0.1384,  0.1364, -0.1067,  0.2163,
         -0.0424, -0.0903,  0.0331, -0.1024, -0.0786, -0.2622, -0.0144, -0.1230,
          0.0889, -0.0835],
        [ 0.3018, -0.0181, -0.1030, -0.1334, -0.2574,  0.1474,  0.0777, -0.1418,
         -0.0613, -0.1347, -0.0750,  0.2024,  0.1445, -0.0724,  0.1435, -0.0396,
         -0.1549, -0.0100, -0.0748, -0.2577,  0.0677, -0.2056,  0.1148,  0.1385,
         -0.0187, -0.0862, -0.2532,  0.1384, -0.0219, -0.1246, -0.1974,  0.1503,
         -0.2378,  0.1854,  0.2805,  0.1110,  0.0232, -0.3303, -0.3315,  0.2134,
          0.1382, -0.4121,  0.5337, -0.0935,  0.0131,  0.0566,  0.0143, -0.1471,
          0.1571, -0.1512],
        [-0.0952,  0.0542,  0.0955, -0.1770,  0.2157, -0.0545,  0.2948,  0.1845,
          0.0384, -0.1238, -0.2597,  0.0168, -0.1221, -0.0184,  0.1539, -0.1481,
         -0.1963, -0.2426, -0.0879, -0.0280, -0.0034, -0.0778, -0.1916, -0.1525,
          0.0689,  0.1664, -0.1312,  0.1476,  0.0915, -0.0910, -0.1736, -0.0344,
          0.0570,  0.0231,  0.0343,  0.1797,  0.0023,  0.2226, -0.2819,  0.0146,
          0.1991, -0.1618,  0.2254, -0.1255,  0.0063, -0.0549,  0.2167,  0.0500,
         -0.1557,  0.0400],
        [-0.0886,  0.2606, -0.0482, -0.0450,  0.1955, -0.1341, -0.2024, -0.0813,
          0.0712,  0.1707,  0.0073,  0.1805, -0.2418, -0.2307, -0.1101, -0.1940,
          0.0225,  0.2078,  0.1529, -0.0131, -0.2925, -0.1629, -0.1615,  0.1780,
          0.2365, -0.0187, -0.1075,  0.2278, -0.2185,  0.0166, -0.2307, -0.1557,
          0.1594,  0.2041,  0.0761,  0.1483, -0.1538,  0.2453,  0.0832,  0.0463,
         -0.2537, -0.4029, -0.0088,  0.1184, -0.0446,  0.0554,  0.2128, -0.0176,
         -0.1025, -0.2070],
        [-0.1381, -0.1914, -0.0811,  0.0666,  0.0305,  0.3558, -0.0833,  0.1126,
          0.3670,  0.0343, -0.3350,  0.2544,  0.2795, -0.2190,  0.1592,  0.1751,
         -0.0704,  0.0031,  0.1266, -0.0815, -0.0948, -0.0184,  0.4487, -0.2115,
          0.0533,  0.2794,  0.2108, -0.0314,  0.2834, -0.0235, -0.0730, -0.2273,
         -0.0225, -0.2580,  0.2613,  0.0209,  0.0909,  0.0852,  0.0789,  0.0533,
         -0.0467, -0.2286, -0.0070,  0.1715,  0.0714,  0.1604,  0.0969, -0.0203,
          0.1726,  0.1345],
        [-0.0448,  0.1768,  0.0097,  0.0085, -0.0217,  0.0378,  0.1583, -0.1490,
          0.3200, -0.1180, -0.0225,  0.1630, -0.0491,  0.0429,  0.0155,  0.0831,
          0.0209,  0.0357, -0.0654,  0.1311, -0.0316, -0.0995, -0.2097, -0.1159,
         -0.0519, -0.0241,  0.1401, -0.0915,  0.1485, -0.1358, -0.3061,  0.0640,
         -0.2158, -0.1612,  0.1596,  0.4369, -0.1438,  0.0780, -0.1284, -0.1029,
          0.1311,  0.0909, -0.0040,  0.2930,  0.1496,  0.1263, -0.0401,  0.0848,
         -0.1347, -0.2800],
        [ 0.0816, -0.0406, -0.0566, -0.0975, -0.1300,  0.2767, -0.3275, -0.3194,
          0.1323, -0.1423,  0.0591,  0.0075,  0.0189,  0.0293, -0.1100,  0.0553,
         -0.0758,  0.1652, -0.2050,  0.0547,  0.0191, -0.1222,  0.1044, -0.1228,
          0.2317,  0.2139,  0.3853, -0.0632,  0.0670, -0.1587, -0.1569,  0.2056,
          0.2358, -0.0910,  0.1040, -0.2110,  0.0299,  0.4418, -0.0076,  0.2002,
          0.0267, -0.1294, -0.3647,  0.0767, -0.0247,  0.3264, -0.2017,  0.1191,
         -0.1182, -0.3185],
        [ 0.2927, -0.3495, -0.1825,  0.0926, -0.0323,  0.1050,  0.0623, -0.1000,
          0.2008, -0.0625, -0.2021,  0.0663,  0.0258,  0.0809, -0.1431,  0.0326,
          0.0676,  0.1059, -0.0644,  0.0427,  0.0478, -0.0763, -0.1967, -0.0472,
         -0.0507,  0.1858, -0.1184, -0.0626, -0.1583, -0.1452, -0.3249, -0.2843,
         -0.0306, -0.3301,  0.0768, -0.1173,  0.1044,  0.2962,  0.0305,  0.3546,
          0.5066,  0.0664, -0.1189,  0.1270,  0.0226,  0.2613, -0.1088,  0.1828,
         -0.2517,  0.2037],
        [ 0.1065, -0.4473, -0.1732, -0.1214,  0.0876, -0.1663,  0.0689, -0.1370,
          0.1652,  0.0154, -0.0727, -0.0638, -0.0608, -0.0294, -0.2483,  0.1479,
          0.2342,  0.2260, -0.0131,  0.2446,  0.0318, -0.0236, -0.1709, -0.1296,
          0.0565, -0.0116, -0.0847,  0.0112,  0.0938, -0.1700, -0.4649, -0.1145,
          0.2953, -0.3969, -0.0048, -0.2946,  0.2213,  0.0943,  0.0338,  0.2728,
          0.1141, -0.0365, -0.1422, -0.1008,  0.0861,  0.1197, -0.0456,  0.3418,
         -0.2632,  0.2188],
        [-0.0682,  0.0144,  0.0592, -0.1087, -0.0635, -0.1949, -0.3200, -0.0318,
          0.0529, -0.2121,  0.2627, -0.0734, -0.2201,  0.0433, -0.0679,  0.1135,
         -0.0585,  0.0945, -0.1646, -0.0523,  0.0167,  0.0740,  0.2927, -0.4031,
         -0.1637,  0.0510,  0.1815,  0.0163,  0.3594, -0.0676,  0.1461,  0.1548,
          0.2175, -0.0041, -0.1759, -0.1745,  0.2370,  0.1644, -0.0875, -0.1918,
          0.1655, -0.0825, -0.1713, -0.0768,  0.1116,  0.0127,  0.1510,  0.1583,
         -0.1320, -0.4099],
        [ 0.0046,  0.0170, -0.1065,  0.0162, -0.1434, -0.0199, -0.0071,  0.1135,
          0.0484, -0.1120,  0.2356,  0.1887, -0.1068,  0.0192, -0.1008,  0.0290,
         -0.1523,  0.3571, -0.1852, -0.1177,  0.0193,  0.2181, -0.0503, -0.0494,
          0.0222,  0.1923, -0.0014,  0.0704,  0.1180, -0.0132, -0.1979,  0.0372,
         -0.2589,  0.2114, -0.1696,  0.0536, -0.0109,  0.1074, -0.1458, -0.0503,
         -0.2076,  0.0567,  0.0403, -0.0435, -0.0617,  0.0284, -0.0132, -0.1957,
         -0.0178, -0.0222],
        [ 0.0738, -0.0781,  0.0114, -0.1074,  0.1372, -0.1519,  0.0780, -0.0173,
          0.0415,  0.1201,  0.0704,  0.1318,  0.1204, -0.1369, -0.1421, -0.0009,
          0.0337, -0.0375, -0.1184, -0.0171,  0.1708, -0.0901, -0.1388,  0.1280,
          0.0447, -0.0582, -0.1089,  0.2105,  0.0175, -0.0243, -0.1374,  0.0200,
          0.0216, -0.1580,  0.0625,  0.0307, -0.0815, -0.0559,  0.2158, -0.0947,
          0.0627,  0.0275,  0.2885,  0.0605, -0.0818,  0.0416,  0.1991,  0.0261,
          0.2070, -0.0921],
        [ 0.0437,  0.1081, -0.0076, -0.0601,  0.0980, -0.1319,  0.1026, -0.1601,
          0.0588,  0.3640,  0.0729,  0.3762,  0.0650, -0.2386,  0.0096, -0.1258,
         -0.2515,  0.0344,  0.1205,  0.1701,  0.0284, -0.0354, -0.1163, -0.1388,
          0.1071, -0.1676, -0.0306, -0.0740,  0.0798,  0.1513, -0.3261, -0.1007,
         -0.2681,  0.0663,  0.0377, -0.0051, -0.0392,  0.2234, -0.2392, -0.0572,
         -0.0918, -0.2052,  0.4171, -0.4659, -0.1377,  0.0547,  0.0097, -0.2099,
         -0.2123,  0.1102]], grad_fn=<SelectBackward>)
2
7
[[[0.07353657484054565, -0.11489062011241913, -0.2516980767250061, 0.06893756985664368, -0.007010813802480698, -0.04988549277186394, -0.1131538599729538, -0.09879450500011444, -0.14095686376094818, -0.07297472655773163, -0.09714672714471817, 0.19983609020709991, 0.009359566494822502, 0.07115554809570312, 0.0491514652967453, -0.16821900010108948, 0.0048775640316307545, -0.23410238325595856, 0.29136931896209717, 0.11863292753696442, -0.08839762955904007, 0.0031509504187852144, -0.0470476895570755, -0.22126774489879608, -0.16896525025367737, 0.03375793248414993, -0.013330777175724506, 0.11845102906227112, 0.3240296542644501, 0.14458835124969482, 0.1093498095870018, -0.04398305341601372, -0.12693169713020325, -0.14670681953430176, -0.07241396605968475, 0.13818012177944183, -0.11550364643335342, 0.14202582836151123, -0.06217918545007706, 0.17592278122901917, 0.1365329474210739, 0.1758173704147339, -0.2317514419555664, 0.04996657744050026, -0.19551467895507812, 0.22208699584007263, -0.15959157049655914, -0.22379080951213837, 0.15478672087192535, 0.13265621662139893, -0.04457578435540199, -0.015304837375879288, -0.10774098336696625, -0.07371131330728531, 0.11057747155427933, 0.2690851092338562, -0.14112140238285065, 0.14753234386444092, 0.17245811223983765, 0.05060236155986786, -0.024698708206415176, 0.2919682264328003, -0.029886901378631592, -0.07222185283899307, 0.03849886730313301, 0.08880646526813507, 0.07556638866662979, 0.03530753031373024, 0.0389111265540123, 0.002135254442691803, -0.11159595847129822, -0.10515359789133072, 0.2973426878452301, -0.0009079715819098055, 0.07122467458248138, 0.2726711332798004, 0.13037924468517303, -0.1860135942697525, 0.02366570197045803, 0.1069142073392868, -0.11631003767251968, 0.18264919519424438, 0.05791182070970535, -0.13091927766799927, 0.1144782081246376, 0.06551675498485565, -0.08249794691801071, 0.12489822506904602, -0.13389277458190918, -0.06321553140878677, -0.1500731259584427, -0.3774471580982208, -0.06101787090301514, 0.16184338927268982, 0.03301650658249855, 0.130911722779274, 0.0919293537735939, 0.048744842410087585, -0.06519180536270142, 0.033861979842185974], [-0.23676003515720367, 0.00720656244084239, 0.1420353204011917, -0.0245119147002697, 0.14086653292179108, 0.04819459840655327, 0.028464198112487793, 0.08723574131727219, -0.2723705470561981, -0.05849761515855789, -0.16790254414081573, -0.2495320588350296, -0.27976924180984497, -0.009749951772391796, 0.039254479110240936, -0.1401986926794052, -0.005785880144685507, -0.4282366931438446, -0.14864327013492584, -0.19177427887916565, -0.09647811949253082, -0.03921134024858475, -0.2591424584388733, -0.09599034488201141, -0.16711758077144623, -0.28149279952049255, -0.08595982193946838, 0.24506717920303345, 0.1245831847190857, -0.06967514008283615, -0.0652480348944664, -0.19006413221359253, 0.24611526727676392, 0.03226040303707123, -0.21408529579639435, -0.22228799760341644, 0.056954022496938705, -0.02262009307742119, 0.13116642832756042, 0.11940878629684448, -0.01069352775812149, 0.041808996349573135, -0.1452719271183014, -0.09289365261793137, 0.03717988356947899, 0.22828075289726257, -0.12110442668199539, -0.04219253733754158, 0.07304786145687103, -0.08652108162641525, -0.050188660621643066, -0.1875707358121872, 0.12125649303197861, -0.44006508588790894, 0.21486131846904755, -0.05821650102734566, -0.00010260806448059157, 0.13371145725250244, 0.11409301310777664, 0.1743314266204834, -0.13876616954803467, -0.028754206374287605, -0.14636334776878357, -0.23829786479473114, 0.04914025589823723, -0.06001272052526474, -0.06288250535726547, -0.011137956753373146, -0.05225944146513939, -0.08880975842475891, 0.04515969008207321, -0.28681111335754395, -0.1014406755566597, 0.01618572138249874, 0.06353820860385895, 0.018225498497486115, -0.125448077917099, 0.09165699779987335, -0.08574595302343369, -0.13752293586730957, 0.03208479657769203, -0.12381789833307266, -0.0849185660481453, -0.152564138174057, 0.27436769008636475, 0.2708128094673157, 0.15531808137893677, 0.17314711213111877, -0.3107368052005768, 0.006900634150952101, 0.11622603982686996, -0.07661554962396622, 0.21656434237957, -0.17136353254318237, -0.04841470345854759, -0.01964266411960125, 0.16085439920425415, 0.10194745659828186, -0.23405608534812927, 0.1331171691417694], [-0.05121121555566788, -0.10691121965646744, 0.16422227025032043, -0.29283884167671204, -0.01403528731316328, -0.23998115956783295, 0.10970071703195572, -0.1193753257393837, -0.1819855123758316, 0.053566575050354004, 0.26521483063697815, 0.13743500411510468, -0.23834334313869476, -0.030511537566781044, 0.12421746551990509, 0.043863601982593536, 0.061066098511219025, -0.10841988772153854, 0.20774509012699127, -0.04353490099310875, 0.004458436742424965, 0.009374196641147137, 0.1577044427394867, -0.0876542255282402, 0.12170547246932983, 0.1723197102546692, -0.10751128941774368, -0.038245633244514465, -0.011132230050861835, 0.14290425181388855, 0.08708088845014572, 0.01111107412725687, -0.20227962732315063, -0.008249150589108467, 0.14571791887283325, 0.1329968422651291, -0.013762025162577629, 0.005552550777792931, -0.12520599365234375, 0.06960152089595795, 0.04071405529975891, -0.18780525028705597, 0.04430867359042168, -0.10447045415639877, -0.025968419387936592, 0.0022832024842500687, 0.04699241742491722, 0.06842581182718277, -0.1313924342393875, 0.03567555174231529, 0.1739688515663147, -0.2698950171470642, -0.11649464815855026, -0.10100292414426804, 0.06558700650930405, -0.06134695187211037, 0.08446002751588821, -0.03939162939786911, 0.17586974799633026, -0.11949416249990463, -0.2358555644750595, 0.018852096050977707, -0.15370281040668488, 0.10215979814529419, -0.05411701649427414, 0.15203934907913208, -0.14487607777118683, 0.07205319404602051, 0.07829059660434723, 0.21536099910736084, 0.012936905026435852, -0.32181796431541443, -0.07011843472719193, -0.12041693925857544, -0.0635627880692482, 0.19818215072155, 0.0555257685482502, -0.050908319652080536, -0.08258276432752609, -0.020041417330503464, -0.2890374958515167, -0.18991003930568695, 0.18640181422233582, -0.2591451108455658, -0.15154774487018585, 0.06810987740755081, 0.023606328293681145, 0.12050039321184158, -0.12221337109804153, 0.46691980957984924, 0.06808677315711975, -0.01575959101319313, -0.11434590816497803, 0.11639987677335739, 0.05392834171652794, 0.18737910687923431, -0.10062414407730103, 0.14357508718967438, -0.13528859615325928, 0.011858679354190826], [0.07928682118654251, -0.10475996136665344, -0.2404802441596985, 0.0567064993083477, 0.011281318962574005, -0.058095380663871765, -0.06997060775756836, -0.11130395531654358, -0.14949315786361694, -0.053520526736974716, -0.10223294794559479, 0.1752377152442932, -0.00747547997161746, 0.07853569835424423, 0.04065656289458275, -0.1181604266166687, -0.023685272783041, -0.23910662531852722, 0.27584847807884216, 0.12349224835634232, -0.07549487054347992, -0.004341779742389917, -0.038257285952568054, -0.219711035490036, -0.1734473705291748, -0.0021346313878893852, -0.019452912732958794, 0.08803859353065491, 0.32957181334495544, 0.14153625071048737, 0.09741277992725372, -0.05341494083404541, -0.13136661052703857, -0.15508048236370087, -0.069002665579319, 0.12755393981933594, -0.11261265724897385, 0.1392819732427597, -0.06912458688020706, 0.12316650152206421, 0.13259199261665344, 0.15539653599262238, -0.2408960461616516, 0.03312744200229645, -0.1758853942155838, 0.22978778183460236, -0.1542879194021225, -0.16963966190814972, 0.14012815058231354, 0.14902806282043457, 0.09420337527990341, -0.14901429414749146, -0.312094122171402, -0.2282712459564209, -0.09012442827224731, -0.01472095213830471, 0.031715381890535355, -0.03271280601620674, 0.042603202164173126, 0.08394671976566315, -0.09384053945541382, 0.15837551653385162, 0.06915829330682755, -0.035342030227184296, -0.06103983148932457, -0.17676006257534027, -0.09187600761651993, -0.05453559011220932, -0.06868619471788406, -0.07346630096435547, -0.04887351021170616, -0.03490486741065979, -0.16258604824543, -0.13078193366527557, 0.15478317439556122, 0.25511643290519714, 0.008237346075475216, 0.04461689293384552, -0.18393540382385254, 0.2622271180152893, -0.26246416568756104, -0.03570019453763962, -0.10034425556659698, -0.07154083251953125, 0.06949541717767715, 0.008395864628255367, 0.016639387235045433, 0.24702176451683044, -0.0695645734667778, 0.10063126683235168, 0.2736094892024994, -0.2176029235124588, -0.11296141147613525, -0.00627942243590951, 0.05799227952957153, -0.18122349679470062, 0.10534027963876724, -0.18891578912734985, -0.16906918585300446, 0.06110319867730141], [0.12938527762889862, 0.040970806032419205, -0.11297786980867386, -0.023775257170200348, -0.25213009119033813, -0.1964678168296814, -0.11422526836395264, 0.07354769855737686, -0.09523028880357742, -0.025125829502940178, 0.2802745997905731, 0.17409063875675201, 0.028073014691472054, 0.02856246381998062, 0.07525766640901566, -0.13860070705413818, 0.018409540876746178, -0.18801705539226532, 0.009173301979899406, -0.005052631720900536, -0.05473676323890686, 0.27541545033454895, 0.24189695715904236, -0.07441273331642151, 0.15916071832180023, 0.07209236919879913, 0.07070596516132355, -0.1388055980205536, 0.02406935766339302, -0.020594757050275803, -0.06459008157253265, -0.061879657208919525, -0.1480054408311844, -0.11176537722349167, 0.07832805812358856, 0.18375083804130554, -0.23895899951457977, 0.02460567280650139, 0.03781566396355629, -0.08364926278591156, -0.057726673781871796, 0.09888221323490143, -0.03163786977529526, -0.16924260556697845, -0.15507210791110992, 0.14196906983852386, 0.0349125973880291, 0.01594293676316738, 0.2111079841852188, -0.2848436236381531, -0.03788924962282181, 0.00922213401645422, -0.05921052023768425, -0.05804409459233284, -0.003671917598694563, 0.17439544200897217, -0.3588360548019409, -0.15980121493339539, 0.04168582707643509, -0.21666891872882843, 0.11996910721063614, 0.07245742529630661, -0.11570996791124344, 0.059025008231401443, -0.05594010278582573, 0.16560225188732147, -0.13846518099308014, 0.11523215472698212, -0.04754340276122093, 0.11648058891296387, 0.050118397921323776, -0.14246034622192383, 0.08926918357610703, -0.11455358564853668, -0.12847900390625, 0.11619526147842407, 0.24974298477172852, -0.0925518199801445, 0.11552778631448746, 0.07446582615375519, -0.051715146750211716, -0.008212788961827755, 0.015289908275008202, -0.18948715925216675, -0.1334352195262909, -0.09596860408782959, 0.3770354986190796, 0.38605061173439026, 0.006168774329125881, -0.07624118775129318, 0.04954516142606735, -0.14520050585269928, -0.18753069639205933, 0.08692750334739685, -0.015138482674956322, 0.20841176807880402, -0.3055139183998108, 0.1919013112783432, -0.059455495327711105, -0.035194605588912964], [0.07656420022249222, 0.043770819902420044, 0.1725437343120575, 0.005281827878206968, 0.11579059809446335, 0.13462407886981964, -0.015505006536841393, 0.06562332063913345, -0.1804691106081009, -0.1883528232574463, -0.14537279307842255, -0.23536618053913116, -0.0925498679280281, -0.04674699902534485, 0.025128019973635674, -0.04557910934090614, 0.06810076534748077, -0.4370805323123932, -0.20396052300930023, -0.20433135330677032, -0.05171980708837509, -0.05170596390962601, -0.2833160161972046, 0.06336290389299393, -0.15995916724205017, -0.28661808371543884, -0.07428314536809921, 0.08885849267244339, -0.0036597996950149536, -0.14455470442771912, -0.20565122365951538, -0.16671216487884521, 0.2555098533630371, -0.06282763183116913, 0.04016893729567528, -0.12562742829322815, -0.0425134040415287, -0.06345931440591812, 0.07659919559955597, 0.053015876561403275, 0.03336775675415993, 0.09175946563482285, -0.020343082025647163, -0.10683901607990265, 0.02927972562611103, 0.27578434348106384, -0.0964842289686203, -0.09548785537481308, 0.051791753619909286, -0.0445268377661705, -0.02508101984858513, 0.2019287645816803, -0.06766541302204132, -0.08325272053480148, 0.1343747079372406, -0.10274914652109146, 0.11438077688217163, -0.020229022949934006, 0.10651908814907074, 0.08218861371278763, -0.043432850390672684, 0.2401815801858902, -0.042968444526195526, -0.09132405370473862, -0.08668454736471176, -0.14956869184970856, 0.06496630609035492, 0.02636495791375637, -0.08074843138456345, -0.010418970137834549, -0.045302968472242355, -0.00625862181186676, -0.09402073174715042, 0.11526964604854584, 0.1329822838306427, -0.02922440879046917, 0.052469659596681595, 0.2611762285232544, -0.1959000676870346, 0.16212375462055206, -0.2543012201786041, 0.021730616688728333, 0.024282505735754967, -0.05778622254729271, -0.07164914160966873, 0.34426450729370117, -0.12122692912817001, 0.23487287759780884, 0.11533313989639282, -0.06776060163974762, -0.2773739993572235, -0.20625858008861542, 0.1581854224205017, 0.24266666173934937, -0.11361559480428696, 0.020030539482831955, 0.1613423377275467, -0.0775725468993187, -0.08231020718812943, -0.09551513940095901], [-0.03158733993768692, -0.051683686673641205, 0.23329101502895355, -0.10429525375366211, -0.0326082743704319, -0.06774097681045532, 0.030950481072068214, -0.2159043848514557, -0.08768954873085022, -0.053800325840711594, 0.12491875886917114, -0.06651396304368973, -0.13846950232982635, -0.0005938094691373408, -0.1986730545759201, 0.03236371651291847, 0.07566991448402405, -0.1379883736371994, 0.02891160547733307, 0.14490151405334473, 0.094449482858181, 0.08164354413747787, 0.035110265016555786, -0.06959103792905807, -0.011187322437763214, -0.08665581792593002, -0.04104812815785408, -0.13787519931793213, -0.24640075862407684, -0.04061676561832428, 0.07296746969223022, 0.0870959535241127, -0.08734823018312454, -0.08394835144281387, 0.1342146396636963, -0.1816902607679367, -0.3087890148162842, 0.2328697293996811, -0.2860146760940552, -0.06665673851966858, 0.09142222255468369, -0.06293835490942001, -0.0004602689587045461, 0.002559440676122904, 0.09902266412973404, -0.15900959074497223, -0.06458127498626709, 0.1196398213505745, 0.016799595206975937, 0.19794805347919464, 0.082463838160038, 0.04913002625107765, -0.23194396495819092, -0.01666371151804924, 0.09180641174316406, -0.07323846220970154, -0.0511341392993927, -0.1451127827167511, -0.0008494318462908268, 0.12903496623039246, 0.0772373303771019, 0.1249709278345108, 0.11123991012573242, -0.004666964057832956, 0.11631069332361221, -0.09990784525871277, -0.25339820981025696, 0.17654329538345337, 0.050408195704221725, 0.0777822956442833, 0.0667443498969078, 0.013328097760677338, -0.17964737117290497, 0.027498086914420128, -0.010460876859724522, 0.0426412858068943, 0.031882595270872116, -0.043081775307655334, 0.049732957035303116, -0.14622752368450165, -0.20204360783100128, 0.015523267909884453, -0.2810446321964264, 0.03602665290236473, -0.10843078047037125, -0.10534758120775223, -0.05323560908436775, -0.025593316182494164, -0.21143080294132233, 0.09505970776081085, -0.143967866897583, -0.03858542442321777, 0.16484901309013367, -0.07091203331947327, -0.012470237910747528, 0.011286539025604725, 0.09804712235927582, -0.19681812822818756, -0.07856379449367523, 0.029492082074284554]], [[-0.0233004093170166, -0.1990230828523636, -0.19959361851215363, 0.05199752002954483, 0.1944093108177185, -0.06587480008602142, 0.06744502484798431, 0.09951399266719818, 0.018128423020243645, 0.16387449204921722, -0.038585055619478226, -0.0885438472032547, -0.15156620740890503, 0.05067286267876625, -0.17289824783802032, -0.07040571421384811, -0.0370967872440815, 0.097671739757061, 0.01385600958019495, -0.00018281940720044076, 0.06759774684906006, -0.17218200862407684, 0.15169477462768555, -0.08079232275485992, -0.1462443619966507, 0.07532784342765808, 0.1759893149137497, 0.11742634326219559, -0.07644118368625641, -0.03410676494240761, 0.008617222309112549, -0.03589794039726257, -0.17852236330509186, 0.17607669532299042, -0.06361375004053116, -0.12883274257183075, 0.06706144660711288, 0.045470066368579865, 0.09802798181772232, 0.1861763745546341, -0.08875029534101486, 0.08550121635198593, -0.23000308871269226, -0.07082951813936234, -0.03200128301978111, -0.03100506216287613, -0.16261395812034607, 0.06032034754753113, -0.1126617044210434, -0.11138437688350677, 0.1117958277463913, 0.041517473757267, -0.00756498146802187, -0.05603427439928055, 0.11973898112773895, -0.09261966496706009, 0.05440777540206909, 0.021285681053996086, 0.055799856781959534, 0.18857695162296295, -0.032680705189704895, 0.18030408024787903, 0.008316811174154282, -0.01759638451039791, -0.1297401636838913, -0.023683791980147362, 0.07444217056035995, -0.11335249990224838, 0.05279076471924782, 0.07035186141729355, -0.013594003394246101, 0.07602419704198837, -0.020604049786925316, 0.09553584456443787, 0.07303007692098618, -0.048589807003736496, -0.034655168652534485, 0.18781918287277222, 0.0037574181333184242, 0.24873334169387817, -0.1582987755537033, -0.004451354965567589, 0.05843222513794899, -0.022964345291256905, -0.014922904781997204, 0.1900414079427719, -0.0513593815267086, 0.16793394088745117, 0.11235595494508743, -0.019757099449634552, 0.06004021316766739, -0.12468639016151428, 0.11012251675128937, 0.18646341562271118, -0.06821844726800919, 0.05093250051140785, 0.046190325170755386, 0.012915440835058689, -0.04766841605305672, 0.03048483282327652], [0.20205356180667877, -0.12745778262615204, 0.0655335858464241, -0.14214137196540833, 0.09143383800983429, 0.0012501311721280217, -0.08803578466176987, 0.1285664588212967, -0.18697035312652588, 0.011289217509329319, 0.028426943346858025, -0.04719085991382599, -0.0205050241202116, 0.07247337698936462, 0.02826113998889923, -0.12141647189855576, 0.09057378023862839, -0.31858789920806885, 0.0785268098115921, -0.06429078429937363, -0.03946016728878021, 0.10061932355165482, 0.14683441817760468, 0.13144217431545258, 0.1849769949913025, 0.17640529572963715, -0.10354387760162354, -0.012010055594146252, 0.0673983171582222, 0.023775918409228325, 0.139438658952713, -0.20734062790870667, -0.0055808029137551785, 0.01489686407148838, 0.011721555143594742, 0.09057125449180603, -0.1481524407863617, -0.0157004427164793, -0.1511104553937912, 0.0815742015838623, 0.03776267170906067, 0.07164204865694046, 0.05583808198571205, -0.012470138259232044, -0.17165400087833405, 0.1684200018644333, 0.11957497894763947, 0.01429026573896408, 0.0011841680388897657, -0.20963945984840393, 0.08107317239046097, 0.13642685115337372, 0.09090003371238708, -0.05883697420358658, 0.05476737394928932, -0.011709758080542088, -0.043934401124715805, -0.08253158628940582, 0.18928460776805878, -0.08149047195911407, -0.0060258712619543076, 0.07782396674156189, -0.12563204765319824, 0.0029793353751301765, -0.007917318493127823, 0.035471361130476, 0.02170800231397152, 0.04680505394935608, -0.17809757590293884, 0.04194061830639839, 0.11637137830257416, -0.17604298889636993, -0.062014754861593246, 0.06046610325574875, 0.011916717514395714, 0.24157080054283142, 0.12043346464633942, -0.08460689336061478, 0.12582901120185852, 0.007257520221173763, 0.1739162802696228, 0.11232674866914749, -0.11269448697566986, -0.08612154424190521, -0.056574027985334396, 0.26961231231689453, -0.12981374561786652, 0.06844604015350342, -0.08149905502796173, 0.02741009183228016, 0.29635897278785706, 0.0533449612557888, 0.09330248087644577, 0.2724685072898865, 0.0021625813096761703, 0.2035498321056366, 0.06582791358232498, 0.05500452220439911, -0.23649391531944275, -0.1666024625301361], [-0.05121121555566788, -0.10691121965646744, 0.16422227025032043, -0.29283884167671204, -0.01403528731316328, -0.23998115956783295, 0.10970071703195572, -0.1193753257393837, -0.1819855123758316, 0.053566575050354004, 0.26521483063697815, 0.13743500411510468, -0.23834334313869476, -0.030511537566781044, 0.12421746551990509, 0.043863601982593536, 0.061066098511219025, -0.10841988772153854, 0.20774509012699127, -0.04353490099310875, 0.004458436742424965, 0.009374196641147137, 0.1577044427394867, -0.0876542255282402, 0.12170547246932983, 0.1723197102546692, -0.10751128941774368, -0.038245633244514465, -0.011132230050861835, 0.14290425181388855, 0.08708088845014572, 0.01111107412725687, -0.20227962732315063, -0.008249150589108467, 0.14571791887283325, 0.1329968422651291, -0.013762025162577629, 0.005552550777792931, -0.12520599365234375, 0.06960152089595795, 0.04071405529975891, -0.18780525028705597, 0.04430867359042168, -0.10447045415639877, -0.025968419387936592, 0.0022832024842500687, 0.04699241742491722, 0.06842581182718277, -0.1313924342393875, 0.03567555174231529, 0.1739688515663147, -0.2698950171470642, -0.11649464815855026, -0.10100292414426804, 0.06558700650930405, -0.06134695187211037, 0.08446002751588821, -0.03939162939786911, 0.17586974799633026, -0.11949416249990463, -0.2358555644750595, 0.018852096050977707, -0.15370281040668488, 0.10215979814529419, -0.05411701649427414, 0.15203934907913208, -0.14487607777118683, 0.07205319404602051, 0.07829059660434723, 0.21536099910736084, 0.012936905026435852, -0.32181796431541443, -0.07011843472719193, -0.12041693925857544, -0.0635627880692482, 0.19818215072155, 0.0555257685482502, -0.050908319652080536, -0.08258276432752609, -0.020041417330503464, -0.2890374958515167, -0.18991003930568695, 0.18640181422233582, -0.2591451108455658, -0.15154774487018585, 0.06810987740755081, 0.023606328293681145, 0.12050039321184158, -0.12221337109804153, 0.46691980957984924, 0.06808677315711975, -0.01575959101319313, -0.11434590816497803, 0.11639987677335739, 0.05392834171652794, 0.18737910687923431, -0.10062414407730103, 0.14357508718967438, -0.13528859615325928, 0.011858679354190826], [0.057513535022735596, -0.126057967543602, -0.24377882480621338, 0.055471502244472504, 0.004691721871495247, -0.0658353939652443, -0.08058754354715347, -0.1101389229297638, -0.1474342793226242, -0.045499078929424286, -0.1010097786784172, 0.18604040145874023, -0.01091243326663971, 0.07844657450914383, 0.043154504150152206, -0.11572986841201782, -0.005741051863878965, -0.23662762343883514, 0.27890104055404663, 0.12391762435436249, -0.07002399116754532, -0.00409577414393425, -0.03538276255130768, -0.21895383298397064, -0.17048241198062897, -0.001198713667690754, -0.028288209810853004, 0.0944623276591301, 0.32934075593948364, 0.14524057507514954, 0.09726329892873764, -0.054131943732500076, -0.1287466585636139, -0.15842746198177338, -0.07154487818479538, 0.12684477865695953, -0.1177382543683052, 0.1447717249393463, -0.06110432371497154, 0.15474987030029297, 0.1334884613752365, 0.15287913382053375, -0.24004779756069183, 0.03496305271983147, -0.17607247829437256, 0.2367495447397232, -0.1549406498670578, -0.17522995173931122, 0.1363353431224823, 0.1517592817544937, 0.07708877325057983, -0.2784571647644043, -0.11573059111833572, -0.16911903023719788, -0.05366116762161255, -0.01964772678911686, -0.020180946215987206, 0.03579489514231682, -0.19429312646389008, 0.06442894041538239, -0.004300824366509914, 0.22903874516487122, 0.027537263929843903, 0.1610616147518158, 0.1432693898677826, -0.13269782066345215, -0.12639407813549042, -0.11875534802675247, -0.03608943894505501, -0.04273102059960365, 0.06116752326488495, -0.10220962017774582, -0.09834533929824829, 0.0791013240814209, -0.03630872070789337, 0.25113654136657715, 0.005591589957475662, 0.07942995429039001, -0.13135194778442383, 0.1026531457901001, -0.15340659022331238, -0.1744818240404129, -0.2651418447494507, -0.1458754539489746, 0.031172670423984528, 0.14786234498023987, 0.07611830532550812, 0.15420091152191162, -0.17944934964179993, -0.003924595657736063, 0.12615026533603668, -0.036790650337934494, -0.007000386249274015, -0.019763918593525887, 0.033570796251297, -0.28101640939712524, -0.11007386445999146, -0.09506089985370636, -0.06391540914773941, 0.057219505310058594], [0.12938527762889862, 0.040970806032419205, -0.11297786980867386, -0.023775257170200348, -0.25213009119033813, -0.1964678168296814, -0.11422526836395264, 0.07354769855737686, -0.09523028880357742, -0.025125829502940178, 0.2802745997905731, 0.17409063875675201, 0.028073014691472054, 0.02856246381998062, 0.07525766640901566, -0.13860070705413818, 0.018409540876746178, -0.18801705539226532, 0.009173301979899406, -0.005052631720900536, -0.05473676323890686, 0.27541545033454895, 0.24189695715904236, -0.07441273331642151, 0.15916071832180023, 0.07209236919879913, 0.07070596516132355, -0.1388055980205536, 0.02406935766339302, -0.020594757050275803, -0.06459008157253265, -0.061879657208919525, -0.1480054408311844, -0.11176537722349167, 0.07832805812358856, 0.18375083804130554, -0.23895899951457977, 0.02460567280650139, 0.03781566396355629, -0.08364926278591156, -0.057726673781871796, 0.09888221323490143, -0.03163786977529526, -0.16924260556697845, -0.15507210791110992, 0.14196906983852386, 0.0349125973880291, 0.01594293676316738, 0.2111079841852188, -0.2848436236381531, -0.03788924962282181, 0.00922213401645422, -0.05921052023768425, -0.05804409459233284, -0.003671917598694563, 0.17439544200897217, -0.3588360548019409, -0.15980121493339539, 0.04168582707643509, -0.21666891872882843, 0.11996910721063614, 0.07245742529630661, -0.11570996791124344, 0.059025008231401443, -0.05594010278582573, 0.16560225188732147, -0.13846518099308014, 0.11523215472698212, -0.04754340276122093, 0.11648058891296387, 0.050118397921323776, -0.14246034622192383, 0.08926918357610703, -0.11455358564853668, -0.12847900390625, 0.11619526147842407, 0.24974298477172852, -0.0925518199801445, 0.11552778631448746, 0.07446582615375519, -0.051715146750211716, -0.008212788961827755, 0.015289908275008202, -0.18948715925216675, -0.1334352195262909, -0.09596860408782959, 0.3770354986190796, 0.38605061173439026, 0.006168774329125881, -0.07624118775129318, 0.04954516142606735, -0.14520050585269928, -0.18753069639205933, 0.08692750334739685, -0.015138482674956322, 0.20841176807880402, -0.3055139183998108, 0.1919013112783432, -0.059455495327711105, -0.035194605588912964], [-0.0022841852623969316, -0.08843279629945755, -0.07261069118976593, -0.022531835362315178, 0.11723008751869202, 0.06223386153578758, 0.18836663663387299, -0.1343526840209961, -0.28587016463279724, -0.10235321521759033, -0.12274862080812454, -0.017984725534915924, 0.02470104768872261, 0.08703412860631943, 0.03062778152525425, 0.0358593612909317, -0.044826753437519073, -0.2686205208301544, -0.020618826150894165, 0.04852012172341347, 0.004509801045060158, -0.1269369274377823, -0.14867238700389862, -0.0174248144030571, -0.06603967398405075, -0.08798439055681229, 0.017156463116407394, 0.1249953880906105, 0.20984944701194763, 0.040847502648830414, 0.19794489443302155, -0.08250580728054047, -0.04292424023151398, -0.16305670142173767, 0.013601817190647125, 0.0193268284201622, -0.1216602474451065, 0.12656688690185547, 0.08567234128713608, 0.31824326515197754, 0.17654156684875488, 0.11544476449489594, -0.29290884733200073, 0.16708484292030334, -0.0137832285836339, 0.0008478997624479234, -0.09741924703121185, -0.002866495866328478, -0.02476438879966736, 0.13977016508579254, 0.0935034304857254, 0.03909188136458397, -0.1363011747598648, -0.08276046812534332, -0.09723486751317978, 0.07312927395105362, 0.10272471606731415, 0.01605825684964657, 0.01910935901105404, -0.21830232441425323, -0.026933057233691216, 0.2675209939479828, -0.01918647065758705, -0.11731284111738205, 0.043776363134384155, -0.09728735685348511, -0.10238666087388992, 0.027196893468499184, -0.22093628346920013, -0.2979292869567871, -0.11487701535224915, -0.24132691323757172, -0.2325713187456131, 0.27471280097961426, -0.06285335123538971, -0.13696646690368652, -0.014077311381697655, 0.19122153520584106, -0.135999858379364, -0.15411768853664398, -0.29937443137168884, -0.01740088500082493, -0.24567437171936035, 0.23429349064826965, 0.10186997801065445, 0.021153291687369347, 0.018613681197166443, 0.041183508932590485, -0.1917574554681778, -0.044967055320739746, 0.09676928073167801, -0.3798025846481323, 0.10160322487354279, -0.18263304233551025, -0.08164593577384949, -0.1886053830385208, 0.040422484278678894, -0.31740567088127136, -0.0029199530836194754, -0.282846599817276], [-0.03158736974000931, -0.051683664321899414, 0.23329101502895355, -0.10429523140192032, -0.0326082706451416, -0.06774098426103592, 0.030950481072068214, -0.21590442955493927, -0.08768953382968903, -0.053800325840711594, 0.12491875886917114, -0.06651396304368973, -0.13846947252750397, -0.0005938123213127255, -0.1986730396747589, 0.032363712787628174, 0.07566992938518524, -0.1379883885383606, 0.028911609202623367, 0.14490152895450592, 0.094449482858181, 0.08164354413747787, 0.03511020913720131, -0.06959102302789688, -0.011187308467924595, -0.08665584027767181, -0.04104814678430557, -0.13787519931793213, -0.24640077352523804, -0.04061678424477577, 0.07296746969223022, 0.08709599077701569, -0.08734821528196335, -0.08394836634397507, 0.13421466946601868, -0.1816902905702591, -0.3087890148162842, 0.23286975920200348, -0.2860146760940552, -0.066656693816185, 0.09142222255468369, -0.06293834745883942, -0.00046027134521864355, 0.002559434389695525, 0.09902266412973404, -0.15900959074497223, -0.0645812526345253, 0.11963983625173569, 0.01679961010813713, 0.19794805347919464, 0.0824638307094574, 0.04913005232810974, -0.2319439947605133, -0.016663717105984688, 0.09180639684200287, -0.07323846220970154, -0.051134124398231506, -0.1451127827167511, -0.0008494423818774521, 0.12903493642807007, 0.07723737508058548, 0.1249709278345108, 0.11123989522457123, -0.004666962195187807, 0.1163107231259346, -0.09990784525871277, -0.25339823961257935, 0.17654326558113098, 0.050408199429512024, 0.07778230309486389, 0.06674433499574661, 0.01332811452448368, -0.17964735627174377, 0.027498111128807068, -0.010460865683853626, 0.042641304433345795, 0.03188258782029152, -0.04308176413178444, 0.049732960760593414, -0.14622750878334045, -0.2020435780286789, 0.015523258596658707, -0.2810446321964264, 0.036026667803525925, -0.10843082517385483, -0.10534758865833282, -0.05323559790849686, -0.025593332946300507, -0.21143074333667755, 0.09505968540906906, -0.1439679116010666, -0.03858543559908867, 0.16484902799129486, -0.07091202586889267, -0.01247023418545723, 0.011286539025604725, 0.09804712980985641, -0.19681812822818756, -0.07856380939483643, 0.029492072761058807]]]
Your implementation is not Correct
